399 6 1 4
19 160 39 61 11 5 
20 156 43 59 16 4 
21 155 47 74 2 6 
22 158 50 57 11 16 
23 165 49 57 2 5 
24 157 42 58 2 7 
25 168 48 69 10 7 
26 157 41 73 18 17 
27 157 47 67 10 15 
28 167 51 71 2 13 
29 170 55 70 7 13 
30 156 50 72 4 5 
31 157 52 59 18 5 
32 160 56 63 2 5 
33 154 49 73 4 10 
34 162 42 66 7 4 
35 153 49 73 8 12 
36 169 38 61 1 18 
37 169 51 75 15 11 
76 103 39 175 372 24 
77 99 43 173 377 23 
78 98 47 188 363 25 
79 101 50 171 372 35 
80 108 49 171 363 24 
81 100 42 172 363 26 
82 111 48 183 371 26 
83 100 41 187 379 36 
84 100 47 181 371 34 
85 110 51 185 363 32 
86 113 55 184 368 32 
87 99 50 186 365 24 
88 100 52 173 379 24 
89 103 56 177 363 24 
90 97 49 187 365 29 
91 105 42 180 368 23 
92 96 49 187 369 31 
93 112 38 175 362 37 
94 112 51 189 376 30 
190 198 96 118 87 43 
191 194 100 116 92 42 
192 193 104 131 78 44 
193 196 107 114 87 54 
194 203 106 114 78 43 
195 195 99 115 78 45 
196 206 105 126 86 45 
197 195 98 130 94 55 
198 195 104 124 86 53 
199 205 108 128 78 51 
200 208 112 127 83 51 
201 194 107 129 80 43 
202 195 109 116 94 43 
203 198 113 120 78 43 
204 192 106 130 80 48 
205 200 99 123 83 42 
206 191 106 130 84 50 
207 207 95 118 77 56 
208 207 108 132 91 49 
190 179 96 137 125 62 
191 175 100 135 130 61 
192 174 104 150 116 63 
193 177 107 133 125 73 
194 184 106 133 116 62 
195 176 99 134 116 64 
196 187 105 145 124 64 
197 176 98 149 132 74 
198 176 104 143 124 72 
199 186 108 147 116 70 
200 189 112 146 121 70 
201 175 107 148 118 62 
202 176 109 135 132 62 
203 179 113 139 116 62 
204 173 106 149 118 67 
205 181 99 142 121 61 
206 172 106 149 122 69 
207 188 95 137 115 75 
208 188 108 151 129 68 
304 388 96 327 106 81 
305 384 100 325 111 80 
306 383 104 340 97 82 
307 386 107 323 106 92 
308 393 106 323 97 81 
309 385 99 324 97 83 
310 396 105 335 105 83 
311 385 98 339 113 93 
312 385 104 333 105 91 
313 395 108 337 97 89 
314 398 112 336 102 89 
315 384 107 338 99 81 
316 385 109 325 113 81 
317 388 113 329 97 81 
318 382 106 339 99 86 
319 390 99 332 102 80 
320 381 106 339 103 88 
321 397 95 327 96 94 
322 397 108 341 110 87 
342 65 305 213 391 100 
343 61 309 211 396 99 
344 60 313 226 382 101 
345 63 316 209 391 111 
346 70 315 209 382 100 
347 62 308 210 382 102 
348 73 314 221 390 102 
349 62 307 225 398 112 
350 62 313 219 390 110 
351 72 317 223 382 108 
352 75 321 222 387 108 
353 61 316 224 384 100 
354 62 318 211 398 100 
355 65 322 215 382 100 
356 59 315 225 384 105 
357 67 308 218 387 99 
358 58 315 225 388 107 
359 74 304 213 381 113 
360 74 317 227 395 106 
133 179 96 118 144 119 
134 175 100 116 149 118 
135 174 104 131 135 120 
136 177 107 114 144 130 
137 184 106 114 135 119 
138 176 99 115 135 121 
139 187 105 126 143 121 
140 176 98 130 151 131 
141 176 104 124 143 129 
142 186 108 128 135 127 
143 189 112 127 140 127 
144 175 107 129 137 119 
145 176 109 116 151 119 
146 179 113 120 135 119 
147 173 106 130 137 124 
148 181 99 123 140 118 
149 172 106 130 141 126 
150 188 95 118 134 132 
151 188 108 132 148 125 
304 331 229 289 106 138 
305 327 233 287 111 137 
306 326 237 302 97 139 
307 329 240 285 106 149 
308 336 239 285 97 138 
309 328 232 286 97 140 
310 339 238 297 105 140 
311 328 231 301 113 150 
312 328 237 295 105 148 
313 338 241 299 97 146 
314 341 245 298 102 146 
315 327 240 300 99 138 
316 328 242 287 113 138 
317 331 246 291 97 138 
318 325 239 301 99 143 
319 333 232 294 102 137 
320 324 239 301 103 145 
321 340 228 289 96 151 
322 340 241 303 110 144 
209 255 286 251 391 157 
210 251 290 249 396 156 
211 250 294 264 382 158 
212 253 297 247 391 168 
213 260 296 247 382 157 
214 252 289 248 382 159 
215 263 295 259 390 159 
216 252 288 263 398 169 
217 252 294 257 390 167 
218 262 298 261 382 165 
219 265 302 260 387 165 
220 251 297 262 384 157 
221 252 299 249 398 157 
222 255 303 253 382 157 
223 249 296 263 384 162 
224 257 289 256 387 156 
225 248 296 263 388 164 
226 264 285 251 381 170 
227 264 298 265 395 163 
323 388 77 137 296 176 
324 384 81 135 301 175 
325 383 85 150 287 177 
326 386 88 133 296 187 
327 393 87 133 287 176 
328 385 80 134 287 178 
329 396 86 145 295 178 
330 385 79 149 303 188 
331 385 85 143 295 186 
332 395 89 147 287 184 
333 398 93 146 292 184 
334 384 88 148 289 176 
335 385 90 135 303 176 
336 388 94 139 287 176 
337 382 87 149 289 181 
338 390 80 142 292 175 
339 381 87 149 293 183 
340 397 76 137 286 189 
341 397 89 151 300 182 
247 331 305 23 163 195 
248 327 309 21 168 194 
249 326 313 36 154 196 
250 329 316 19 163 206 
251 336 315 19 154 195 
252 328 308 20 154 197 
253 339 314 31 162 197 
254 328 307 35 170 207 
255 328 313 29 162 205 
256 338 317 33 154 203 
257 341 321 32 159 203 
258 327 316 34 156 195 
259 328 318 21 170 195 
260 331 322 25 154 195 
261 325 315 35 156 200 
262 333 308 28 159 194 
263 324 315 35 160 202 
264 340 304 23 153 208 
265 340 317 37 167 201 
361 122 115 42 315 214 
362 118 119 40 320 213 
363 117 123 55 306 215 
364 120 126 38 315 225 
365 127 125 38 306 214 
366 119 118 39 306 216 
367 130 124 50 314 216 
368 119 117 54 322 226 
369 119 123 48 314 224 
370 129 127 52 306 222 
371 132 131 51 311 222 
372 118 126 53 308 214 
373 119 128 40 322 214 
374 122 132 44 306 214 
375 116 125 54 308 219 
376 124 118 47 311 213 
377 115 125 54 312 221 
378 131 114 42 305 227 
379 131 127 56 319 220 
152 46 248 365 68 233 
153 42 252 363 73 232 
154 41 256 378 59 234 
155 44 259 361 68 244 
156 51 258 361 59 233 
157 43 251 362 59 235 
158 54 257 373 67 235 
159 43 250 377 75 245 
160 43 256 371 67 243 
161 53 260 375 59 241 
162 56 264 374 64 241 
163 42 259 376 61 233 
164 43 261 363 75 233 
165 46 265 367 59 233 
166 40 258 377 61 238 
167 48 251 370 64 232 
168 39 258 377 65 240 
169 55 247 365 58 246 
170 55 260 379 72 239 
114 27 267 42 239 252 
115 23 271 40 244 251 
116 22 275 55 230 253 
117 25 278 38 239 263 
118 32 277 38 230 252 
119 24 270 39 230 254 
120 35 276 50 238 254 
121 24 269 54 246 264 
122 24 275 48 238 262 
123 34 279 52 230 260 
124 37 283 51 235 260 
125 23 278 53 232 252 
126 24 280 40 246 252 
127 27 284 44 230 252 
128 21 277 54 232 257 
129 29 270 47 235 251 
130 20 277 54 236 259 
131 36 266 42 229 265 
132 36 279 56 243 258 
304 160 153 99 334 271 
305 156 157 97 339 270 
306 155 161 112 325 272 
307 158 164 95 334 282 
308 165 163 95 325 271 
309 157 156 96 325 273 
310 168 162 107 333 273 
311 157 155 111 341 283 
312 157 161 105 333 281 
313 167 165 109 325 279 
314 170 169 108 330 279 
315 156 164 110 327 271 
316 157 166 97 341 271 
317 160 170 101 325 271 
318 154 163 111 327 276 
319 162 156 104 330 270 
320 153 163 111 331 278 
321 169 152 99 324 284 
322 169 165 113 338 277 
171 388 210 270 125 290 
172 384 214 268 130 289 
173 383 218 283 116 291 
174 386 221 266 125 301 
175 393 220 266 116 290 
176 385 213 267 116 292 
177 396 219 278 124 292 
178 385 212 282 132 302 
179 385 218 276 124 300 
180 395 222 280 116 298 
181 398 226 279 121 298 
182 384 221 281 118 290 
183 385 223 268 132 290 
184 388 227 272 116 290 
185 382 220 282 118 295 
186 390 213 275 121 289 
187 381 220 282 122 297 
188 397 209 270 115 303 
189 397 222 284 129 296 
228 274 115 327 163 309 
229 270 119 325 168 308 
230 269 123 340 154 310 
231 272 126 323 163 320 
232 279 125 323 154 309 
233 271 118 324 154 311 
234 282 124 335 162 311 
235 271 117 339 170 321 
236 271 123 333 162 319 
237 281 127 337 154 317 
238 284 131 336 159 317 
239 270 126 338 156 309 
240 271 128 325 170 309 
241 274 132 329 154 309 
242 268 125 339 156 314 
243 276 118 332 159 308 
244 267 125 339 160 316 
245 283 114 327 153 322 
246 283 127 341 167 315 
209 350 20 61 11 328 
210 346 24 59 16 327 
211 345 28 74 2 329 
212 348 31 57 11 339 
213 355 30 57 2 328 
214 347 23 58 2 330 
215 358 29 69 10 330 
216 347 22 73 18 340 
217 347 28 67 10 338 
218 357 32 71 2 336 
219 360 36 70 7 336 
220 346 31 72 4 328 
221 347 33 59 18 328 
222 350 37 63 2 328 
223 344 30 73 4 333 
224 352 23 66 7 327 
225 343 30 73 8 335 
226 359 19 61 1 341 
227 359 32 75 15 334 
323 27 20 42 144 347 
324 23 24 40 149 346 
325 22 28 55 135 348 
326 25 31 38 144 358 
327 32 30 38 135 347 
328 24 23 39 135 349 
329 35 29 50 143 349 
330 24 22 54 151 359 
331 24 28 48 143 357 
332 34 32 52 135 355 
333 37 36 51 140 355 
334 23 31 53 137 347 
335 24 33 40 151 347 
336 27 37 44 135 347 
337 21 30 54 137 352 
338 29 23 47 140 346 
339 20 30 54 141 354 
340 36 19 42 134 360 
341 36 32 56 148 353 
228 160 324 4 296 366 
229 156 328 2 301 365 
230 155 332 17 287 367 
231 158 335 0 296 377 
232 165 334 0 287 366 
233 157 327 1 287 368 
234 168 333 12 295 368 
235 157 326 16 303 378 
236 157 332 10 295 376 
237 167 336 14 287 374 
238 170 340 13 292 374 
239 156 335 15 289 366 
240 157 337 2 303 366 
241 160 341 6 287 366 
242 154 334 16 289 371 
243 162 327 9 292 365 
244 153 334 16 293 373 
245 169 323 4 286 379 
246 169 336 18 300 372 
380 217 305 346 163 385 
381 213 309 344 168 384 
382 212 313 359 154 386 
383 215 316 342 163 396 
384 222 315 342 154 385 
385 214 308 343 154 387 
386 225 314 354 162 387 
387 214 307 358 170 397 
388 214 313 352 162 395 
389 224 317 356 154 393 
390 227 321 355 159 393 
391 213 316 357 156 385 
392 214 318 344 170 385 
393 217 322 348 154 385 
394 211 315 358 156 390 
395 219 308 351 159 384 
396 210 315 358 160 392 
397 226 304 346 153 398 
398 226 317 360 167 391 
193 98 