598 6
1 55 8 24 39 12 
2 165 65 23 33 11 
103 3 212 22 29 9 
166 56 302 21 25 4 
177 48 217 5 61 6 
174 70 225 4 7 80 
185 41 241 66 91 5 
158 85 234 25 26 80 
246 67 166 92 62 114 
97 4 333 10 98 13 
109 5 349 9 14 110 
9 49 261 15 50 16 
11 178 114 17 51 18 
130 6 350 104 125 10 
126 7 356 29 30 110 
10 71 270 11 19 72 
13 42 278 57 86 15 
15 175 81 12 20 73 
16 186 141 132 87 17 
14 74 273 33 34 72 
19 159 93 39 40 73 
195 88 251 68 6 61 
127 21 357 105 13 98 
22 146 281 58 16 50 
23 160 92 59 18 51 
198 115 222 63 66 27 
204 60 254 4 4 28 
199 75 242 213 4 28 
179 89 255 213 6 6 
150 25 316 99 104 31 
111 26 351 9 9 32 
151 27 317 218 9 32 
128 28 318 218 13 13 
29 153 257 52 57 35 
30 43 283 11 11 36 
31 37 271 285 11 36 
32 38 284 285 16 16 
44 290 151 167 49 38 
53 291 128 167 42 42 
33 200 62 76 132 45 
34 205 82 12 12 54 
18 18 18 133 147 70 
46 378 130 226 252 71 
47 297 111 49 49 38 
180 31 45 214 77 53 
35 181 361 303 12 54 
187 13 18 134 148 78 
206 30 40 77 77 53 
12 12 12 70 154 41 
77 372 97 71 367 42 
98 367 380 52 1 386 
50 368 387 76 0 393 
99 168 274 36 50 86 
161 32 54 214 46 46 
36 162 94 303 18 18 
215 401 403 160 200 178 
0 0 0 88 115 48 
104 226 275 292 50 11 
105 188 279 373 86 15 
58 319 388 334 87 17 
40 40 40 48 48 89 
298 154 395 63 3 116 
402 64 198 142 432 361 
207 143 235 28 61 91 
62 153 33 83 404 69 
219 166 67 281 257 261 
236 133 374 117 61 4 
8 165 1 95 64 435 
196 155 247 262 91 5 
361 37 35 144 435 90 
17 17 17 48 85 362 
78 379 109 49 74 208 
110 208 440 11 375 386 
72 320 363 12 335 393 
79 443 126 153 43 208 
45 45 45 364 48 89 
52 304 142 54 51 87 
182 9 12 78 156 46 
176 10 17 77 79 258 
163 14 20 299 47 258 
256 362 444 4 263 116 
447 451 174 114 93 363 
453 84 204 114 114 94 
142 168 52 90 389 390 
82 43 34 435 435 90 
20 20 20 115 60 362 
125 252 282 34 373 86 
86 358 455 40 334 87 
24 24 24 155 41 154 
54 54 54 364 41 41 
94 38 36 144 452 452 
253 147 456 26 262 91 
462 95 195 388 141 387 
463 96 158 62 82 363 
454 90 179 365 141 141 
92 146 23 157 452 389 
93 74 19 64 84 465 
178 100 227 109 466 130 
466 61 369 99 2 396 
131 63 305 32 98 125 
4 475 485 101 321 145 
5 467 447 100 102 112 
7 476 463 118 106 112 
55 107 219 127 150 97 
489 66 336 248 98 9 
468 68 322 228 125 10 
26 469 453 100 100 108 
3 405 246 129 118 100 
28 493 454 306 145 145 
175 101 113 97 126 433 
433 80 445 9 229 396 
205 106 249 97 97 128 
80 470 500 100 352 259 
5 349 176 227 164 370 
485 435 177 81 387 141 
39 39 39 143 133 75 
397 149 457 26 91 3 
243 391 494 3 119 3 
25 471 402 307 337 152 
230 135 231 28 120 119 
232 121 250 4 25 66 
122 122 122 48 115 133 
123 338 505 12 39 132 
124 233 272 11 33 57 
506 120 339 9 29 104 
477 91 478 30 228 125 
159 102 164 150 111 433 
160 129 237 468 130 466 
162 108 183 434 130 130 
21 479 462 323 145 321 
186 145 244 489 477 109 
304 307 220 128 466 477 
57 308 432 392 51 12 
132 132 132 391 154 48 
508 104 132 280 156 77 
136 136 136 89 121 135 
137 138 366 54 122 136 
139 169 264 36 123 137 
140 509 515 162 338 138 
406 119 309 32 124 139 
170 139 136 53 265 140 
521 452 185 432 455 81 
464 83 207 94 387 455 
76 76 76 89 154 147 
365 167 285 95 95 96 
6 524 521 337 501 101 
276 300 127 188 42 367 
87 87 87 60 510 147 
458 125 87 47 216 148 
393 393 393 60 147 56 
200 118 223 131 489 151 
181 152 224 434 97 128 
27 495 502 306 100 108 
299 293 150 168 226 37 
51 51 51 143 56 149 
59 59 59 510 147 70 
201 98 51 266 215 381 
388 188 58 528 390 451 
234 359 102 198 204 256 
79 496 534 200 205 320 
276 511 540 319 186 368 
128 28 108 171 187 187 
53 497 537 310 186 186 
126 7 102 202 206 209 
7 356 163 223 249 370 
215 286 103 146 153 49 
302 311 107 195 198 177 
214 277 434 146 146 74 
266 287 131 38 367 252 
140 288 406 38 233 169 
406 119 172 161 210 170 
434 213 306 173 173 163 
119 407 486 108 340 172 
127 21 129 189 187 201 
225 353 101 177 158 256 
78 490 542 178 159 320 
109 5 101 182 163 209 
217 341 100 174 298 185 
77 546 547 175 368 186 
255 324 108 184 185 185 
151 27 152 171 182 161 
44 552 541 310 178 162 
97 4 100 176 201 187 
28 318 161 221 244 244 
238 312 306 195 195 158 
241 354 145 236 253 174 
46 525 556 308 358 175 
130 6 145 508 458 176 
260 294 468 190 252 71 
468 68 323 191 458 176 
216 382 512 38 165 192 
512 262 342 161 193 194 
267 408 507 226 146 49 
103 3 107 173 202 182 
507 263 352 508 173 182 
251 360 129 196 185 298 
247 325 323 197 253 174 
398 313 342 179 166 211 
222 326 118 207 236 199 
242 327 152 184 177 179 
299 513 557 304 308 181 
466 61 321 203 193 459 
150 25 118 203 508 180 
131 63 307 161 201 458 
254 355 106 177 177 179 
47 559 543 178 178 162 
111 26 106 182 182 161 
235 314 307 179 298 253 
258 441 433 49 192 399 
433 80 112 182 194 459 
506 120 340 182 202 508 
409 560 352 236 195 177 
311 215 246 357 316 333 
184 364 238 21 21 7 
171 218 303 276 276 79 
193 2 0 276 299 77 
191 228 334 53 215 267 
12 77 547 225 395 241 
434 213 315 22 22 14 
3 212 193 237 223 227 
63 305 203 183 371 460 
213 315 171 237 237 164 
39 299 557 235 374 242 
25 316 202 220 448 224 
27 317 180 221 227 183 
17 78 542 217 234 444 
134 376 489 295 367 49 
4 333 182 113 371 244 
512 262 400 32 2 229 
507 263 446 104 22 9 
231 383 172 179 232 230 
136 140 515 255 250 231 
250 343 340 177 198 236 
265 377 506 49 153 226 
20 79 534 222 254 444 
76 266 544 255 395 456 
374 344 337 243 298 177 
21 357 173 239 244 371 
303 214 548 251 251 234 
68 322 189 240 460 113 
262 400 191 183 219 245 
18 46 556 374 456 225 
45 44 541 238 217 255 
494 328 329 166 230 166 
6 350 187 448 460 113 
263 446 194 448 237 227 
580 193 246 462 402 485 
59 260 558 398 456 225 
516 117 330 2 139 2 
26 351 206 227 227 183 
122 265 562 217 222 374 
24 276 540 247 241 395 
148 480 477 43 190 252 
456 565 501 204 197 253 
40 47 543 217 217 255 
54 53 537 238 241 241 
444 442 112 177 211 397 
223 198 64 274 275 271 
209 110 73 77 267 381 
116 481 563 106 501 107 
189 105 59 216 148 78 
227 177 435 270 380 278 
197 510 398 28 3 263 
211 449 409 66 21 4 
345 230 268 284 272 264 
210 124 122 77 299 134 
203 99 76 53 156 148 
194 229 335 134 276 77 
366 169 137 90 269 268 
505 233 123 435 64 404 
113 174 451 261 273 440 
224 199 69 289 261 284 
346 232 269 261 257 275 
164 158 96 257 283 440 
220 207 83 284 380 282 
448 236 404 296 380 261 
173 22 24 260 46 156 
167 238 167 300 300 443 
244 185 452 275 282 270 
239 196 157 384 282 270 
331 248 392 215 140 215 
237 195 95 279 278 380 
460 253 390 283 384 282 
249 204 84 261 261 284 
183 179 90 289 278 278 
218 167 289 23 23 19 
165 302 165 300 293 372 
168 235 168 291 301 480 
169 231 169 291 377 288 
221 184 144 281 281 273 
37 242 37 277 372 291 
38 255 38 277 378 378 
248 295 296 1 137 1 
153 222 153 287 376 290 
188 247 188 382 480 379 
280 498 516 165 169 165 
436 243 437 65 264 65 
43 254 43 372 372 291 
395 332 321 207 166 397 
202 29 39 266 134 44 
146 251 146 294 378 301 
367 395 367 287 286 385 
0 215 403 251 222 217 
285 310 365 24 24 20 
266 566 544 162 368 358 
314 266 464 318 369 478 
213 491 487 129 129 102 
63 567 464 108 321 501 
134 545 549 394 368 178 
383 140 486 318 339 309 
214 492 548 160 160 159 
166 403 56 360 326 341 
184 548 364 360 360 359 
197 550 510 324 311 560 
207 544 143 324 332 565 
312 214 487 357 357 356 
326 299 402 305 336 317 
327 44 502 315 333 318 
324 53 454 315 350 350 
260 553 558 347 358 175 
258 554 569 178 348 503 
61 472 522 307 107 259 
325 260 529 400 478 349 
68 473 529 342 501 101 
179 537 89 312 354 354 
196 558 155 313 565 353 
198 557 115 314 344 327 
199 541 75 312 341 324 
243 517 391 311 383 311 
117 499 504 107 172 107 
328 280 504 212 309 212 
516 117 329 193 170 193 
298 564 154 314 311 482 
341 77 485 349 369 350 
373 347 551 54 0 335 
375 348 570 132 24 12 
344 134 488 330 369 333 
66 450 488 329 321 100 
265 571 562 178 200 308 
343 265 535 333 316 336 
120 474 535 100 118 337 
177 547 48 353 332 354 
262 572 530 108 107 352 
232 562 121 341 326 344 
236 549 133 328 332 341 
119 309 170 183 346 345 
120 339 210 227 223 448 
216 514 550 162 55 348 
267 526 573 308 160 178 
353 78 447 333 356 445 
354 46 521 336 478 349 
355 47 453 333 333 318 
263 574 523 337 129 100 
174 542 70 341 359 442 
185 556 41 344 565 353 
204 543 60 341 341 324 
359 79 463 316 351 445 
360 276 462 322 350 369 
148 575 568 205 347 358 
158 534 85 326 355 442 
195 540 88 325 354 332 
502 69 199 365 114 94 
73 73 73 48 449 149 
500 465 256 114 570 438 
303 303 303 88 88 85 
487 144 184 92 92 93 
486 268 230 94 505 366 
156 301 466 168 165 399 
156 538 564 304 55 503 
332 156 522 305 212 483 
80 445 209 227 245 461 
61 369 201 220 219 461 
49 217 49 379 301 378 
228 190 384 36 1 375 
132 134 549 494 395 217 
229 192 531 57 23 11 
226 374 226 498 301 372 
233 250 233 372 293 376 
42 241 42 376 480 379 
71 225 71 372 443 441 
371 298 389 274 65 518 
459 396 393 47 148 215 
190 398 190 291 286 408 
230 515 135 324 343 383 
240 197 528 284 65 531 
399 457 399 297 480 286 
396 399 518 34 86 1 
522 389 298 142 8 438 
529 157 196 551 455 81 
387 367 50 83 67 439 
455 252 86 84 528 390 
392 392 392 56 135 56 
292 394 519 0 136 0 
386 503 438 40 87 0 
280 527 517 55 138 55 
51 156 564 235 302 457 
520 116 483 30 125 2 
457 482 259 204 253 166 
334 216 550 255 302 409 
381 385 520 43 252 165 
313 216 530 318 212 446 
0 401 165 511 513 546 
584 202 402 464 488 502 
246 410 401 540 557 547 
432 226 57 437 389 435 
103 0 410 479 471 475 
138 172 345 128 506 406 
406 136 411 493 474 407 
192 409 192 376 300 372 
335 267 573 374 251 217 
2 193 219 412 413 414 
139 170 345 415 416 411 
22 173 237 417 418 419 
29 202 223 420 421 422 
9 182 227 423 419 418 
32 161 183 424 418 418 
124 210 346 414 413 421 
105 189 239 425 426 423 
13 187 244 421 426 423 
98 201 371 420 410 576 
99 203 220 415 419 426 
104 508 448 427 419 414 
31 180 224 424 414 415 
10 176 113 414 428 429 
218 171 221 412 412 428 
228 191 240 415 410 430 
125 458 460 431 425 426 
248 331 436 410 411 410 
14 163 164 413 431 429 
110 209 370 414 430 576 
229 194 245 421 412 414 
30 206 249 414 414 415 
488 404 236 519 387 114 
320 112 370 97 507 520 
310 306 221 127 127 126 
114 49 11 451 389 452 
117 330 331 219 345 219 
519 295 292 67 268 67 
563 439 397 82 455 8 
438 399 386 84 390 67 
370 256 465 261 531 518 
208 444 208 372 408 385 
256 569 362 341 560 482 
74 234 74 293 297 441 
73 258 569 217 409 457 
442 258 500 333 446 483 
560 267 523 336 357 333 
592 176 447 485 463 500 
66 336 508 436 371 227 
335 335 335 133 88 48 
489 132 421 499 472 475 
81 71 15 435 96 465 
141 42 16 404 390 451 
588 206 453 485 485 454 
577 161 454 487 521 521 
536 390 253 82 551 455 
87 148 568 254 398 456 
393 381 539 254 456 302 
477 91 501 206 191 458 
520 116 259 206 458 193 
91 478 458 249 240 460 
116 483 459 249 460 219 
578 173 462 529 521 522 
589 163 463 402 453 500 
581 203 464 454 522 536 
363 208 72 435 590 439 
368 321 371 131 103 520 
109 17 423 475 476 470 
319 323 239 512 477 109 
111 40 431 475 475 493 
433 73 429 475 574 481 
150 39 413 567 450 495 
466 51 419 567 405 481 
468 59 417 572 484 467 
506 122 416 475 471 450 
97 12 414 467 472 524 
126 20 428 471 469 470 
358 501 460 111 512 477 
565 148 536 351 400 478 
127 24 412 473 524 472 
252 456 252 297 382 480 
520 393 576 469 484 405 
397 539 149 355 565 311 
482 381 563 351 478 212 
477 87 426 469 572 484 
594 182 485 447 522 521 
582 170 486 454 535 486 
583 171 487 462 462 463 
591 508 488 504 522 485 
308 337 448 516 466 97 
17 490 71 546 496 554 
434 303 424 479 479 476 
303 492 167 511 511 496 
128 54 415 491 524 524 
392 280 517 302 231 302 
151 45 422 491 475 493 
20 496 74 513 559 554 
54 497 38 492 525 525 
295 494 295 286 288 286 
516 392 427 405 407 405 
595 209 500 485 523 563 
91 484 536 106 342 501 
585 180 502 487 485 454 
381 555 539 205 358 55 
586 331 504 246 486 246 
535 269 232 114 62 432 
338 340 346 97 150 489 
348 352 245 489 127 97 
489 66 337 331 201 182 
136 509 169 497 571 509 
334 334 334 89 56 449 
24 511 146 553 525 538 
347 342 240 128 103 507 
39 513 153 566 545 552 
334 514 190 497 401 526 
486 411 509 537 562 515 
394 329 436 103 406 103 
504 427 527 403 515 403 
461 397 439 283 282 65 
504 437 243 8 366 8 
503 259 461 111 477 103 
561 187 521 488 536 447 
587 201 522 464 246 563 
593 194 523 488 462 485 
130 18 418 450 484 467 
18 525 42 545 575 490 
335 526 192 545 511 546 
392 527 295 401 509 401 
551 190 373 90 67 590 
532 189 529 530 536 447 
533 191 530 454 246 523 
245 211 590 275 281 261 
239 322 59 533 579 592 
240 400 334 577 580 593 
463 428 496 557 543 569 
596 210 535 485 402 488 
579 458 536 453 530 536 
454 415 497 548 556 556 
51 538 367 566 401 555 
563 576 555 543 568 403 
462 412 511 558 556 564 
502 422 552 548 547 537 
447 423 490 547 534 569 
453 431 559 547 547 537 
464 420 566 537 564 568 
132 545 226 527 538 546 
12 546 49 490 538 525 
485 414 546 542 564 556 
487 424 492 540 540 534 
488 421 545 517 564 547 
530 425 514 537 403 573 
530 528 197 94 8 570 
45 552 37 492 546 497 
59 553 188 514 575 490 
73 554 208 546 526 555 
393 555 399 559 575 401 
521 418 525 549 568 542 
402 413 513 544 549 541 
529 417 553 550 568 542 
40 559 43 546 546 497 
211 573 449 344 360 341 
244 350 18 591 579 592 
535 416 571 547 557 549 
597 459 563 453 536 246 
522 419 538 544 403 539 
253 568 147 355 313 565 
76 566 168 497 538 575 
131 76 420 493 472 484 
536 426 575 543 550 568 
500 429 554 547 573 539 
523 590 211 432 92 114 
122 571 233 546 513 545 
512 334 425 493 405 574 
523 430 526 549 540 547 
507 335 430 450 479 475 
87 575 252 559 514 575 
396 459 461 431 426 410 
183 318 54 583 561 561 
237 357 24 532 561 587 
460 478 87 588 533 579 
219 212 0 578 584 594 
220 305 76 577 587 579 
345 309 136 577 596 582 
221 315 303 578 578 589 
223 316 39 581 591 585 
224 317 45 583 594 577 
436 330 392 580 582 580 
371 369 51 581 580 597 
249 351 40 594 594 577 
164 356 20 584 588 595 
570 192 375 404 95 435 
448 336 132 586 587 594 
113 349 17 594 589 595 
245 446 335 591 578 594 
227 333 12 592 587 561 
370 445 73 594 593 597 
346 339 122 594 584 591 
461 483 393 588 579 580 
28 5 7 